$ANSIBLE_VAULT;1.1;AES256
62346634346138656238333434363737386434336338616662373135613538336331666461626239
3162353163333730326662356165353433623966623130630a633361373665663530623934653936
33623663353562663364336636653865353062353664623662303036326565383361303234623961
3565643633386661370a643266613731336365363734613139383132616439323064623362346232
37626463613362303966313838366633356633356332303262613865353732366130313435633362
31323964306230633038386532373336653763643163326363333433386538363761666330336561
65326362333531663663313637646636343332353934613161633261376130376231303736663132
34653035363761633662386236373530353830336337643066623865633030393066326536303630
38323362343161656462643330616138633235326337393737393531623137623761656232633166
65346163623833366564623363303730626262616165623364353065666663353936336633303932
62623265346365366130343631623735336133323466646133336664303538613332303830376164
38393634303036633233
